# Created by Octave 3.2.4, Mon Apr 01 21:18:40 2013 CDT <moravec@sagan9000>
# name: H
# type: scalar
3
# name: W
# type: scalar
4
# name: activityData_1
# type: matrix
# rows: 118
# columns: 1
 -6198.181671375563
 -6478.420155804027
 -1264.472321498226
 11.32046764219067
 6.03283532615654
 13.11095768968631
 -5.873488268506359
 5.814188570206991
 -37.08352315765122
 20.48186765433337
 -17.62203106140494
 -502.7312348731215
 -1.126479156465359
 8.289674658466634
 -2404.280945397245
 -11816.1230003002
 24.10341387214206
 -12.76790023936471
 -962.9074833517337
 7.265224241568886
 -1580.102256103842
 -1331.369003343085
 -31.01367493534558
 29.46392367139265
 -29.42288352139177
 -2142.406811651972
 6.020063456812943
 11.33098728310959
 11.20272454642947
 -1663.578475642662
 -4011.555533194554
 -786.6234974535049
 -837.1296370479433
 14.41821556027164
 9.993448403779203
 -2669.679611132214
 -656.7984680001066
 -8.306308430386824
 -13.57207218166861
 -1625.250753322222
 55909565.58943603
 -777.4046704660888
 -863.8609942316566
 -878.1865167070715
 -6.865751712486223e+22
 -28.6882373741145
 -12.20742314129554
 -1021.024532354676
 -1917.941431557929
 -1277.266722125547
 12.1143277936433
 -3321.373201522752
 9.038477207264052
 20.33969902867823
 -1000.717596459754
 -407.0328963374957
 -929.418798361169
 -3860.50176355012
 -4517.714992349482
 -823.2930328997476
 -22.76344734215876
 16.74951285651816
 -1661.947042767595
 -2.862615347688158
 14.70507154444503
 21.99153760853034
 -71.93786797334417
 0.3932800900529427
 -0.2898165900728607
 -788.1463241268331
 -234.1513778279817
 -5.476025405030715
 -1949.257928275493
 -2785.087231817855
 -73.61116800080414
 -3198.118218585475
 -66.74026344706746
 -1063.852966930221
 -64.26658470030948
 25.27344609334023
 -2478.698960238046
 -4958.346030792667
 -3245.288907665356
 7.525933501592773
 -16.46397169756257
 16.01711676893673
 11.62507632718937
 -1462.859161284563
 21.66006968498264
 9.167147415107886
 21.36026624276553
 102.9608248988138
 -24.85023694665951
 11.58839052251687
 -4411.279081949586
 -53.73393042803269
 -17.23630836107419
 -19.82694917239426
 -15.89577361389301
 -3324.940758820845
 -236.2537808095482
 -47.97599440094285
 -69.76783538920098
 -35.64261917903053
 -53.99771440723045
 -11592.0217127406
 7.323326563844415
 -31.76714444584583
 32.59192173816754
 -2657.69050666329
 9.030710033717849
 5.086449948069247
 -4004.239064371082
 -1384.671358817601
 -2849.705430910965
 -2486.454602971191
 -1516.653850676613
 -2075.777494653689
# name: activityData_1_beta
# type: matrix
# rows: 118
# columns: 1
 -47507.19556522431
 -47671.52256199391
 -12124.84870710619
 157.0993462993239
 -101.862610275726
 -37207.84574540821
 -140838807.8905036
 51.56514971565651
 -119.1081412521754
 -23919.69115341243
 -309.3519704357527
 49.17132143442944
 -57.55729337591152
 -70.16029035471948
 -14333.64100345304
 -78364.48740715085
 191.7867024285455
 -6825.888014244001
 48.88104656340538
 -16955.86331943638
 -11533.25261691229
 -9872.608083754378
 -264.7700026947802
 -409.0794241881512
 -97.59454744456797
 0.1465332374893929
 -18657.21849865636
 98.39968645634728
 98.92781063635687
 98.11859478022123
 -29672.40285526175
 -314.9000985603233
 -4979.600108053446
 -17515.98885446574
 -8063.888949509919
 47.49658182877732
 -6205.92285896125
 -168.6775722300002
 -76.36835163149571
 -8.581934085543892
 9.768969947263265
 -7019.835866334822
 -9239.850507746465
 17.74166443682961
 -365699.4457223344
 17.06708841801708
 -125.289775088171
 -0.8674649459674716
 -81.94084830598808
 -287.1230424243828
 178.2439258603461
 -25646.63335063378
 -42241.52251040236
 -33.51325720375368
 -308.0476563358141
 -154.2614114900853
 -62.66092587164886
 42.83832434136372
 -43.05968095478019
 34.80396794236109
 -218.3566261336034
 165.1923889188081
 181.9748102405004
 -129.8780813740564
 -13529.34549757318
 -42.95393893399108
 -55.89067212504607
 -6682.643514677462
 -184.9467464146503
 133.0583304780882
 0.949477551888773
 -286.2043854871035
 -248.5278048492089
 -257.4921782347139
 -147.6739071965257
 -15935.47226696188
 -106.7884042881452
 36.30144119926572
 -369.8067038328294
 9.941898070619388
 -453.7216720971045
 -31296.85329316254
 -19.32756075962104
 -5152.921225236368
 -27.25179344698407
 101.5026933819837
 -30520.62365948278
 -94.04798164079799
 -19.29984394567119
 -9891.746785091827
 -20145.10167903116
 -19866.33693044052
 -319.1269639706832
 -179.3993156676404
 -29283.63453656199
 -347.1859635395269
 -105.4718072869254
 -150.5615313126265
 -93.76108447733812
 -145.7393025197718
 -1542.347986718073
 -270.9727163968219
 -482.0010268913315
 -463.9736613108124
 -373.8005459235371
 -70837.66867138038
 -106.6029276713147
 -66282.47344402886
 71.46057009912313
 -17452.81776839356
 -306.4989076160745
 51.86714404800832
 -30150.73566844142
 -171.074472755906
 -28800.62165400387
 -17904.7589040351
 -76.49915233949621
 -19275.74194002215
# name: activityData_2
# type: matrix
# rows: 118
# columns: 1
 40.07595296730625
 8.427671461129805
 0.08553392682146264
 -3804.924694185341
 -793.2421613482818
 -5222.393873685247
 -4193.966298241294
 -4713.990516656462
 -1404.493241240329
 -3536.172832265776
 -4401.135309843859
 9.65565452550341
 -718.0955876885877
 -872.6337601473359
 13.03960420201226
 5.645667230397088
 -2104.680765453988
 -1394.777403578094
 7.208197046041265
 -2228.837963026328
 11.98189244924335
 5.633831814862628
 -2438.012302069941
 -4030.247859286532
 -797.4046041591113
 4.908734538309068
 -1735.917148299502
 -2965.536984888783
 -9059.212245013872
 -16.84881201150744
 5.252677043689518
 11.27926150326281
 -47276.69310524579
 -2283.886429869058
 -980.3362677262675
 10.7858282148994
 17.727372794064
 -1199.04066264585
 -2857.038989967667
 2.736973962620979
 -1035.883673117115
 -3.276628626680148
 -39247833.35810952
 1.440435224659441
 -24.51788241860928
 -1139.890499098733
 -1401.939874260729
 -43.9785863984014
 -13.33694683628574
 12.64893395468333
 -396.3001791062465
 -60.80834929266369
 -6776.272931033157
 -3050.876892751769
 -28.29422061302903
 -531786802.1005574
 -148.9408519541055
 -0.7858510376464529
 -493.1551681592969
 12.61562664584753
 -3006.352407603835
 -2346.622671832354
 30.90970418137465
 -1308.841448866633
 -1906.063559586883
 -1988.412000326394
 -1132.088272656308
 -405.8507372058129
 -1682.051004830433
 1.255355376422749e-06
 -268821.1245026788
 -948.9731701986451
 33.94617360413056
 -19.11299341025277
 -2472.231045710185
 -73.91551212256851
 -1490.703072411867
 5.620764739486236
 -3488.367239783687
 -2024.147620377602
 -13.01672292021973
 51.94871398482542
 11.71372658734354
 -724.8087501094805
 -1012.192345907117
 -1667.849992507657
 -3653.053079660336
 22.7052495205857
 -1873.198105620763
 -1580.990051470951
 -2624.919729180694
 -3649.933759609978
 -3094.402323619699
 -5500.428758053924
 -58.43060485620609
 -3051.382905353781
 -551.5804729568496
 -6641.083485864137
 -1985.031406804629
 -41.22599638202568
 -19400.34619208467
 -3257.868533057181
 -11627.39923452813
 -5340.720289716468
 -8844.829504609916
 -35.83999505347518
 -6154.765284802221
 -9385.792524281203
 -16033.43775790578
 -55.47815168795777
 -3597.244972339897
 -1319.162771454063
 6.31333513278151
 19.59562734006246
 2.802488930716103
 34.16169142341894
 15.1193429285947
 11.29372691844168
